==== CITY AND ROUTE DATA ====
Number of Cities: 10

--- City List ---
1. Colombo
2. Kandy
3. Galle
4. Jaffna
5. Trincomalee
6. Anuradhapura
7. Batticaloa
8. Nuwara Eliya
9. Rathnapura
10. Kurunagala

--- Distance Matrix (in km) ---
    0   115   120   395   260   205   300   170   100    94 
  115     0   230   350   190   140   240    76   130    95 
  120   230     0   510   330   300   400   260    85   210 
  395   350   510     0   240   200   310   400   460   280 
  260   190   330   240     0   110   135   210   250   180 
  205   140   300   200   110     0   180   170   210   100 
  300   240   400   310   135   180     0   230   310   220 
  170    76   260   400   210   170   230     0   150   130 
  100   130    85   460   250   210   310   150     0   160 
   94    95   210   280   180   100   220   130   160     0 
